0
0
0
0
0
0
0
0
0
0
1.39154e-031
3.59585e-031
6.95073e-031
1.18565e-030
1.87489e-030
2.80526e-030
4.01189e-030
5.51544e-030
7.31551e-030
9.38609e-030
1.16744e-029
1.41043e-029
1.65832e-029
1.90131e-029
2.13014e-029
2.3372e-029
2.51721e-029
2.66756e-029
2.78823e-029
2.88126e-029
2.95019e-029
2.99924e-029
3.03279e-029
3.05484e-029
3.06875e-029
3.06875e-029
3.06875e-029
3.06875e-029
3.06875e-029
3.06875e-029
3.06875e-029
3.06875e-029
3.06875e-029
3.06875e-029
3.06875e-029
3.06875e-029
3.06875e-029
3.06875e-029
3.06875e-029
3.06875e-029
3.06875e-029
3.06875e-029
3.06875e-029
3.06875e-029
3.06875e-029
3.06875e-029
3.06875e-029
3.06875e-029
3.06875e-029
3.06875e-029
3.06875e-029
3.06875e-029
3.06875e-029
3.06875e-029
3.06875e-029
3.06875e-029
3.06875e-029
3.06875e-029
3.06875e-029
3.06875e-029
3.06875e-029
3.06875e-029
3.06875e-029
3.06875e-029
3.05484e-029
3.03279e-029
2.99924e-029
2.95019e-029
2.88126e-029
2.78823e-029
2.66756e-029
2.51721e-029
2.3372e-029
2.13014e-029
1.90131e-029
1.65832e-029
1.41043e-029
1.16744e-029
9.38609e-030
7.31551e-030
5.51544e-030
4.01189e-030
2.80526e-030
1.87489e-030
1.18565e-030
6.95073e-031
3.59585e-031
1.39154e-031
0
0
0
0
0
0
0
0
0
0
0
0.0201515
0.0319214
0.0485832
0.0710425
0.120421
0.18807
0.257203
0.34028
0.435706
0.540133
0.64844
0.753987
0.849165
0.926213
0.978197
1
0.989138
0.946226
0.87497
