1.72322e-029
1.92194e-029
2.1299e-029
2.34574e-029
2.56791e-029
2.79472e-029
3.02436e-029
3.25495e-029
3.4846e-029
3.71141e-029
3.93358e-029
4.14942e-029
4.35738e-029
4.5561e-029
4.74442e-029
4.92143e-029
5.08643e-029
5.23897e-029
5.37883e-029
5.50601e-029
5.62071e-029
5.7233e-029
5.8143e-029
5.89436e-029
5.96422e-029
6.02467e-029
6.07655e-029
6.1207e-029
6.15798e-029
6.18919e-029
6.2151e-029
6.23644e-029
6.25386e-029
6.26798e-029
6.27932e-029
6.27932e-029
6.27932e-029
6.27932e-029
6.27932e-029
6.27932e-029
6.27932e-029
6.27932e-029
6.27932e-029
6.27932e-029
6.26798e-029
6.25386e-029
6.23644e-029
6.2151e-029
6.18919e-029
6.15798e-029
6.1207e-029
6.07655e-029
6.02467e-029
5.96422e-029
5.89436e-029
5.8143e-029
5.7233e-029
5.62071e-029
5.50601e-029
5.37883e-029
5.23897e-029
5.08643e-029
4.92143e-029
4.74442e-029
4.5561e-029
4.35738e-029
4.14942e-029
3.93358e-029
3.71141e-029
3.4846e-029
3.25495e-029
3.02436e-029
2.79472e-029
2.56791e-029
2.34574e-029
2.1299e-029
1.92194e-029
1.72322e-029
0.0168558
0.0378405
0.0468905
0.0576276
0.0702416
0.101318
0.122228
nan
nan
nan
nan
nan
nan
nan
nan
nan
nan
nan
nan
nan
nan
nan
nan
nan
nan
nan
nan
nan
nan
nan
nan
nan
nan
nan
nan
nan
nan
nan
nan
nan
nan
nan
nan
nan
nan
nan
nan
nan
nan
nan
